[Case_V987_2.JPG]
filters=autocolor=1;finetune2=1,0.339181,0.000000,0.000000,00000000,0.000000;
moddate=006da23d3ebdce01
width=3450
height=2172
textactive=0
[Case_V987_1.JPG]
filters=finetune2=1,0.239766,0.000000,0.000000,00000000,0.000000;fill=1,0.074766;
moddate=80a9d83b3ebdce01
width=3132
height=2430
textactive=0
